9678
1606
4647
8401
5066
9283
31
3862
9561
1281
9067
6013
3704
3930
6348
1065
1903
2903
2275
1772
3578
474
3352
6833
9617
1642
2069
8016
4295
2705
5294
6257
6883
9014
5602
9108
9069
1826
363
7099
9271
8447
1570
1216
1161
2636
1483
2411
2203
1070
8710
1310
298
8134
6672
2838
3448
9764
414
7955
6401
940
1030
4642
5224
1962
4226
5691
4484
7005
7030
6421
1812
1644
6201
6019
9720
3118
746
5626
758
1202
8827
8296
741
2871
971
8409
4701
4234
8995
8729
4523
461
7860
8703
1149
2615
6391
7050
1646
887
3104
9497
4224
8440
5970
5423
7433
9167
3024
4293
2315
1491
7472
6008
1496
3356
5230
2107
658
5813
9347
5608
747
7381
7476
602
4554
672
1699
7831
445
5911
67
6088
6678
1557
2223
6474
5151
4113
8413
2943
3086
717
6522
2874
1116
8260
9196
2260
6906
8611
4085
9676
8794
8307
2330
7011
6933
5130
9265
8504
2929
2185
8182
2235
9365
4662
1815
217
3274
705
8253
9694
3521
8818
123
7666
87
1969
1834
1082
2850
353
3013
5636
5210
6979
62
560
8186
894
4848
1990
2597
7787
9410
5844
6752
9007
9610
6475
2538
4822
8239
3904
6244
3048
9083
9141
7703
5989
3927
3899
179
7314
274
2324
5988
5376
1524
8422
9995
780
2661
9808
2009
3363
1266
3224
5140
5220
7077
8140
2556
6032
1122
3959
8785
4806
6500
2379
1888
339
1932
5851
8082
9247
6607
9052
5499
7279
1573
8498
4950
6950
5287
480
7867
8665
7457
8932
6789
4319
8612
3129
5898
2101
223
7687
5008
5686
7201
9569
8124
7580
3769
1341
3094
2139
1942
4172
3124
4305
3801
536
519
1696
9833
6340
2034
3750
135
3585
9210
6343
7239
2497
469
6414
5458
5607
2795
1255
7417
513
162
3355
1467
5360
1130
4678
7462
4286
6419
5763
7524
5580
5566
3765
291
7008
5494
5026
9943
454
2504
3017
8041
3273
3136
1722
7413
4641
7357
5399
8045
9195
7785
6458
908
7475
6276
8834
341
6975
895
5783
2676
3786
868
392
1066
8078
226
2721
9692
1393
7469
2326
8060
4903
1160
332
6757
8376
2273
8462
426
7028
8512
3033
7727
8438
9683
4164
9327
373
2030
946
1668
994
8646
5002
9479
3418
1715
8726
7498
4301
3681
379
6685
775
3148
827
8541
8964
1798
3707
8257
3809
5173
9690
7036
3088
1305
4680
7979
1086
3793
5268
1366
5859
190
153
5681
412
613
2932
5695
2100
8275
7924
8362
106
2460
588
1712
1347
3182
6299
3332
4839
1166
1492
6762
4870
917
1919
8948
4988
4749
6862
7231
3195
8670
2394
7954
3378
8955
7705
191
147
4504
4811
1672
3524
3452
5407
4531
7822
3340
231
1641
320
3646
2024
5510
2866
4150
2481
1320
2776
6956
2188
9630
9722
1817
6918
2149
606
7124
2640
5348
5474
46
5093
7222
4200
4257
6103
8199
2498
7223
1319
5706
704
6507
7235
488
3411
5109
9413
1291
9412
6565
4428
2541
8655
4873
4368
8576
4120
7420
5067
8587
7241
7604
9207
5077
2378
3552
1670
3155
7116
7868
2821
6616
2805
3633
4970
5971
4132
4579
8935
4123
9666
866
6070
6983
9994
7126
8206
176
2364
8937
5234
9291
3714
8305
9325
4601
5243
9040
2298
4302
9253
1970
9584
5156
5634
810
978
5577
1423
2953
5393
210
8992
958
2051
8588
4846
263
3101
6885
589
9338
5378
8903
5854
9503
2021
6396
22
3204
7290
8661
568
2282
286
6748
687
5894
8479
224
2975
65
5967
5711
9367
4127
1661
7559
636
7103
7003
543
1854
2900
696
8445
9904
1049
4557
7633
4418
7541
7909
1503
5044
9109
5917
1106
9355
9333
9021
3171
7984
4392
8741
382
4747
7632
9336
7518
7834
5450
9894
5916
2742
7283
48
1664
5322
2062
3791
7731
1251
4661
9149
2864
1904
2370
2517
2870
6849
4803
7298
6887
1515
9289
2958
4238
8803
5932
8294
3317
6526
4088
5103
7104
4265
5842
2134
2480
8485
5501
708
2407
354
4638
980
1821
8068
498
5457
9234
4596
523
4413
4717
511
7261
5824
6083
7539
7972
6756
9308
700
88
9713
4409
4580
830
6240
9896
8849
219
968
2395
4229
3292
3592
7385
7208
8448
2547
6944
1068
4077
2088
2686
4050
8100
9228
678
3250
3461
1994
5929
689
5973
8718
8990
723
8804
3699
9142
3979
2238
4419
923
2941
1680
9237
8024
6909
7269
5400
7188
535
5006
374
6505
5899
420
6017
6217
1349
6381
6609
6930
6802
5168
6914
8188
2189
9105
8644
9549
4743
169
6896
5876
9623
491
5189
3889
5221
5119
4958
7067
9865
9624
663
4981
7322
8389
3614
7210
3328
932
4033
6729
9214
9879
7854
7889
8142
4793
4645
7760
956
5462
6172
233
6491
7586
8641
861
1165
2037
3965
9058
1542
4496
8635
1553
9807
7562
7038
9465
2239
6775
7072
982
5320
631
1127
5723
3937
2978
7051
4876
665
1832
6805
6788
2984
7675
6924
2723
7292
6683
8251
6912
1499
6951
5667
6997
7064
558
4389
1018
8637
3547
9998
800
1107
2331
2449
5998
3026
8264
1934
6543
2823
7542
7608
434
4312
8049
3991
2023
145
9073
1846
6824
9898
1933
3630
3305
5656
8427
3393
4674
64
1092
8977
428
5276
5660
9803
2535
337
6827
71
9933
5155
1643
4220
229
9134
9641
4315
5081
1219
5639
6007
9615
7291
2031
8688
6281
9794
5003
5921
2594
5203
6372
3615
9201
1585
7234
1371
2475
1622
4570
7355
2565
8349
3970
242
17
1785
9439
1615
7100
1282
2308
9194
6834
9044
2574
9162
9185
8799
9470
9074
171
2704
6189
499
9400
6658
5246
7388
6514
3242
5746
667
9659
8346
8484
6062
5954
6904
350
2137
5726
7526
9672
8013
6899
9269
5956
6468
2897
9925
9883
646
3061
9476
1008
6962
7988
4209
4983
3310
7330
9493
9665
1252
9831
9821
7087
8467
2815
835
4434
1036
8842
9045
4721
1261
5350
2111
3915
7477
9670
163
2130
8101
9613
9632
645
4975
5105
5508
7218
5368
8278
1958
6797
7078
8225
3657
7978
2777
6758
9518
4982
729
6837
4326
216
7010
6399
5721
1651
3132
5050
1482
7001
6568
2436
752
9158
5808
6717
9063
1188
8286
2350
9314
4117
5760
7597
7864
9299
1362
6619
9490
6227
6588
1706
8339
3953
7819
9114
6481
1975
2606
1272
8282
9248
5098
7896
4703
2439
1407
342
4735
2698
7333
7862
2194
3388
2796
7915
6594
1374
9230
2455
4725
1120
2105
4082
2290
5983
6115
5165
462
8666
7653
1757
9745
4788
7686
6858
7262
105
7579
9922
8450
1509
5940
1625
9492
6903
8274
283
9897
9046
7840
4578
9317
8998
703
4010
5587
3884
4653
806
8569
8770
9212
4723
2666
4207
579
5049
9564
1246
9964
2154
9783
8155
9792
7016
5072
5375
9932
2469
7720
7156
1089
3804
10
941
1402
4833
594
4540
8720
8575
5772
139
1987
7061
7058
9758
296
2476
2250
8370
9598
9447
9443
9147
1354
316
9868
7563
605
2286
2301
4477
5630
8099
2681
6059
8869
7326
1196
4815
7347
5875
6583
7021
4357
6139
2113
3113
9079
532
2524
7267
6536
7605
2266
4863
8468
6666
3876
9890
1956
9199
2867
2906
8813
3260
7212
9089
8819
1840
9996
7783
1333
9140
4001
9848
6636
7305
6410
3432
6689
7286
12
6628
8159
1046
4895
5901
9051
346
4058
9397
5952
4829
9510
3502
8009
537
2950
7671
9980
1163
4442
5789
7488
3489
9521
3464
8687
3703
8583
5487
5520
4175
4306
5804
6033
4324
6835
2972
2530
3382
5063
7674
1081
3252
8415
4135
1151
2697
2122
2654
2983
456
5652
6069
1976
8545
4778
1866
1778
2695
7527
6611
4740
6497
3304
1004
2835
4063
8783
5563
7181
1211
3339
3522
5908
4952
9984
2303
4147
6176
7434
3658
7225
6561
551
684
5252
7694
4591
7847
6542
8176
1530
4923
4330
2309
5418
2842
4947
6312
1097
2857
8436
7826
4957
8397
9825
4675
8609
856
6682
1908
7962
2836
2256
5106
8242
2553
8295
9057
401
8883
648
2322
3668
8237
4273
4986
3702
4167
5891
213
5629
7947
9421
5986
437
3752
7026
9020
1575
6293
244
2453
5600
1719
1750
8846
1619
7987
4416
748
5806
9295
5132
6604
8788
2345
1977
7537
2911
9578
3405
6639
3890
4248
7773
5516
260
6149
647
7407
7747
9746
7031
7055
6850
5506
5206
7545
1442
9514
6037
5655
8891
1404
4831
4487
5764
4262
6615
7784
4687
4359
8832
3651
637
4888
610
3902
6585
7183
1678
4809
9687
9322
2272
9724
4785
7714
9215
1011
6964
508
6873
3338
289
2401
7112
9939
6
1259
9368
6260
7468
6352
205
6277
9793
80
4280
4068
1579
5790
5022
763
4479
489
4964
7510
2125
5557
209
1901
9882
4111
78
5013
4246
5344
4406
5204
5202
7685
8904
1168
4787
6629
4294
660
7454
366
1830
3789
4847
5261
9908
1352
9235
5091
7964
7566
2848
6879
3232
9717
2895
310
9839
284
4945
9471
9306
3243
6197
5430
5129
6739
2896
1488
2397
1636
1938
258
559
3414
6936
2230
9558
3456
8379
8579
8035
5127
5583
2585
193
9697
7089
1115
7335
6347
9909
54
6928
3465
5135
5904
5800
2271
1837
6129
9385
7552
4682
3660
4796
969
5372
2014
6576
2341
6751
3784
1229
9426
6137
7690
9656
4109
4478
1192
3691
3196
6653
9502
3616
6061
1392
8562
3982
5413
4263
596
1984
6159
51
1657
4951
335
6175
4572
1383
7695
1802
7939
150
1611
7873
9273
174
7025
619
2605
196
4672
6111
3906
580
4820
334
8806
8708
2803
2902
4282
2205
9
26
97
3747
1746
5225
3720
3185
3964
7395
5014
4439
9243
879
293
7065
6703
6832
7938
7967
996
590
3755
4799
8059
359
7521
547
3896
6140
6939
8205
710
2242
7928
4886
1906
3248
4736
307
506
3126
3228
4287
4913
9847
6697
8686
1929
4334
7940
3861
144
6195
1417
1353
4081
849
5759
1476
3845
9453
9489
597
155
4731
9520
3986
8608
3236
3334
2173
2687
3095
4841
6068
1137
8010
9906
6558
7548
686
2257
6894
5841
888
6342
8633
9127
3476
7153
1053
3726
333
4174
6151
2454
4298
4532
3761
2878
2854
1257
9392
8910
3960
2234
2220
8660
1447
7815
2981
4116
42
3084
2759
4144
5955
7965
702
2920
3112
165
8941
1839
9444
5447
517
9606
3591
6838
872
4353
6932
1506
3854
5732
4834
3082
1869
197
732
7793
3640
9556
848
8107
9090
8114
9323
7876
6010
8345
6501
5309
4754
6490
5671
3276
4243
6157
6324
7966
7257
1296
9280
9858
493
6165
2804
7268
7423
3482
3596
2982
3324
3879
4737
2087
7075
2813
3528
8862
4538
2994
3527
1369
1397
4977
983
9805
656
5469
9810
3972
9121
2763
4074
1505
9812
533
5273
6715
8622
3036
195
8882
6613
9498
5750
7886
4543
2420
6269
8786
8232
5985
3570
5249
8908
2647
5567
3620
9075
159
1819
4810
3929
7129
6815
8824
7002
8460
4461
1902
2632
7684
6029
8211
9137
1671
8284
7364
8198
6355
1091
2945
7754
6056
724
4468
6250
3823
1093
7614
904
7673
8368
4750
828
2004
912
7844
3857
5312
6329
9715
2241
9923
5685
9504
7117
5692
1850
7134
4310
1214
1493
2709
8993
1916
1945
5073
6021
753
4009
7311
9627
3138
570
5885
1288
8884
9483
3209
9155
2412
4435
4067
6687
1279
2735
3795
2222
9071
5981
6320
2733
8931
3589
5017
2367
4362
869
2174
133
8238
9130
1
4963
47
4996
9133
6153
4218
8270
7717
4129
7661
5503
2368
1871
5556
7263
2192
3819
2892
8329
4281
9993
1338
3944
8280
9016
7179
3600
3635
467
727
9555
7293
773
8207
2997
2077
4659
9035
6713
9972
5739
4738
4953
9895
1756
2096
1247
6874
2495
8160
6160
8784
6937
1632
9637
4698
5710
2801
4097
1198
2881
5346
884
4190
1823
4513
199
7035
9457
1326
4629
7811
743
3444
8624
8031
5780
9346
308
5617
7414
2526
3653
3983
4880
4215
383
8141
3279
3041
8497
9324
4992
6551
2484
3655
1717
8601
5825
5962
340
1230
9027
8054
4782
6303
981
3730
143
8565
9402
7514
2716
6552
6698
8316
2579
6662
3023
125
9842
5335
5627
8373
3254
8297
1701
5131
520
6424
4545
2323
7079
8317
1021
8669
1013
2754
1348
5659
9065
5086
8754
6496
1881
3680
6711
6780
2335
3354
7858
6208
1128
5999
4776
9749
5649
8774
2479
1695
5279
7530
7193
5366
6915
3751
7336
2342
2106
7215
4470
7961
9535
9688
5888
4940
6362
6091
9753
4079
1633
3841
7894
6882
5030
6825
3517
2677
4573
1771
2501
7499
103
375
1199
1268
2268
7217
6860
8544
4911
2152
6813
583
1118
5544
2521
898
8899
3715
2944
6130
6406
8228
3817
9380
218
2371
2229
3582
7377
3626
1197
2434
1144
3314
4325
9888
6704
4657
8393
2502
466
754
8057
9562
9952
4491
7062
6131
9161
5337
9458
6769
2312
1437
484
7957
1328
3422
6597
8959
352
5176
2138
3911
9626
2923
834
6241
1254
3607
5779
5283
3722
7238
5142
112
6940
2349
8301
2307
5402
7869
2824
3586
8724
2227
9245
5937
8928
7486
2199
8650
8321
3380
9408
812
5231
5145
2015
3866
9548
5877
2049
8915
600
9126
2684
6922
355
1925
9132
6913
777
4608
1108
1334
3122
8300
8121
4466
3125
2825
6022
1223
5310
9123
4245
3067
9696
441
8748
7905
9459
9835
2668
5948
6649
2492
6617
6321
2415
6774
9424
3169
3499
7141
8572
7369
795
4313
33
20
8299
6417
1649
8371
7851
7875
9645
6592
1711
303
4603
8147
4926
8215
8704
9463
7148
3556
7752
2270
7344
2500
6847
633
267
3005
5029
1145
7646
4345
7419
8465
9999
7446
6898
9274
2546
2872
5574
2882
6095
2660
8981
3561
9871
2117
3800
3677
4146
668
5664
8146
7160
5328
2595
832
8801
3557
4689
3181
4309
9985
2694
7447
35
321
3574
2762
8098
421
6164
5860
2442
3442
8090
928
3308
4559
8623
2561
8386
3949
6976
1897
2889
8040
2216
715
3859
2886
7792
368
3497
2809
1147
2831
4420
5436
6336
9778
5545
680
8503
2426
9527
7151
7250
8580
2741
500
8693
6621
4020
4813
4030
6369
3577
3368
5069
7900
9759
7629
9536
1045
5079
9156
892
2910
6681
7942
6211
1184
5531
9343
9875
4762
515
2178
8768
8850
7859
3666
7883
425
4745
6890
4683
2928
7841
9991
2000
4072
8454
6513
929
6248
3643
5045
2197
6018
5338
5603
7120
8053
318
3601
3346
7308
6680
2811
5693
3436
1399
4320
149
7880
2992
1150
5467
6161
5931
3369
9111
9329
4854
7842
1875
622
1809
8679
9403
1526
5459
5094
7968
5728
1543
5507
4791
5643
7779
3010
4145
5526
9487
7009
2419
329
2224
8615
738
9744
5694
9845
3153
3828
2622
5690
886
2901
9967
3580
1589
3256
6992
5853
1893
4832
563
2494
3928
4858
3022
4340
6002
3813
8672
7992
4446
9261
1517
5291
8555
6999
8180
8084
9525
8118
1965
2372
9106
3472
3344
4104
6798
6642
819
5959
8521
1335
5410
857
5009
2190
8519
8713
9038
1217
8630
8277
9315
9795
5441
7352
8643
1913
2939
4450
2638
9313
3641
7849
8974
997
8606
3973
2182
6273
9036
4153
7616
6094
1005
2468
6690
5385
9452
4331
4889
2773
2163
2405
3603
2891
3437
9804
5864
5265
7546
1704
2692
2634
1398
575
4741
7756
1357
3098
1007
3549
2131
7884
6730
4974
8006
4670
5665
7424
2061
5409
6403
1663
6310
1426
8843
8868
9559
2046
3723
5326
2228
3537
8331
1795
3922
6793
3007
8778
9531
6566
8187
2293
2979
5422
7857
8358
5658
2827
7568
2043
2398
617
1944
3708
376
5513
695
61
9423
584
5828
4183
706
8538
1761
766
4100
5342
9411
1936
4208
6290
7771
11
6315
2573
4006
8184
2817
3345
5455
5827
5913
8705
7660
960
8965
1822
4612
7921
2717
4897
4436
3159
8952
9960
2013
5404
1044
2289
9175
1900
2103
7553
8374
7630
9539
951
1475
3361
3042
9934
4032
5802
9543
2775
3936
7655
8250
6101
1226
3130
1820
8067
9563
3157
8765
7573
6809
393
992
6605
6782
2884
3799
7146
5883
5247
6222
6539
8324
1024
5689
7665
9530
1441
4808
1909
6574
9472
2665
4425
4994
5215
6905
6784
3076
7776
3507
4327
7206
1961
3321
9193
9591
9290
2918
5485
1692
1787
4203
564
5514
7440
8979
1077
180
6435
4180
2011
9878
5716
6521
3059
5847
7911
7798
6256
8055
6707
2333
8399
9012
1931
7742
452
4630
3288
3559
6925
7879
8431
4098
3295
9059
2511
236
8195
458
9914
6389
1331
3576
2659
4649
1898
2225
101
4673
214
439
530
2388
7802
8377
275
2018
1221
664
4607
9362
8104
7642
9648
8896
8685
5621
1457
2445
3481
6477
6109
5295
7015
3343
8190
4383
7204
545
6053
1396
9263
6350
8598
565
3031
1455
5137
1260
4802
7993
7818
1099
3491
1703
926
5290
5218
813
4342
8410
6900
8854
4034
4062
9028
9755
8421
5782
7022
7242
6510
7913
7770
5267
3648
5331
2261
5669
358
7958
918
5032
1748
9277
315
5479
7790
4059
2921
5415
4230
111
9849
490
5573
3202
4332
8338
288
4783
2384
7920
479
8746
8616
3190
3753
8600
3511
6271
6990
2162
8763
6995
255
7415
4328
3581
9862
1212
8596
907
6641
5725
2608
7786
5136
5554
2555
1590
16
178
5920
4159
8960
7192
4408
1523
8056
2931
9441
4099
6163
6637
5729
1981
6965
1791
6897
1835
4045
731
6656
3011
5315
6429
878
7386
7159
3303
6726
3114
4512
1203
3092
9829
9881
1924
3551
7396
8789
7536
1207
3297
4980
2966
7806
2641
865
1955
1608
953
4753
8091
5468
8831
475
774
5122
697
390
1495
6767
1386
3492
1705
5843
7672
5874
3281
1433
3780
4652
7882
8592
8022
8241
8547
7772
4621
2070
4677
1264
9604
7276
9846
4256
2581
2914
2917
713
4861
6001
8194
8143
891
7273
1740
726
3598
4456
7342
1409
2688
5622
3165
7522
902
7221
6169
1814
9239
5702
9721
1598
979
2645
1631
1501
4189
681
6456
2802
93
1957
8516
6582
1023
8678
2572
3365
7708
2461
8008
2639
1420
9796
5446
7161
5431
2787
3191
4902
9801
8083
1602
6934
9802
6028
82
4267
9892
2545
5253
2358
7619
8425
913
3907
4688
8020
4307
6319
1694
9482
4640
305
999
1315
3177
5100
3621
9532
9738
6284
8852
8061
5922
9856
1325
9186
1001
5308
6821
9599
4931
8103
7071
4314
2251
4472
8876
2655
6357
3372
7574
5301
4837
3662
344
9409
7820
6392
8291
360
8474
2389
5179
9030
2771
5277
7528
4444
2812
4599
4231
9272
3015
6667
1076
3009
1853
7931
7774
5188
3664
2909
2987
6066
9917
1737
3230
3197
4774
5482
9116
3940
7538
2991
4707
3627
4719
4825
1138
6808
4692
4942
6379
2756
6836
3070
3774
5472
3144
850
6272
2457
3995
3682
7877
13
5041
7360
8625
256
6206
1726
5872
6971
119
8405
3200
4432
5161
7375
793
2487
5498
5704
7485
9550
1498
2543
3541
7827
5480
5893
6560
8293
7733
7823
4288
510
8892
409
3961
9233
3796
4292
8787
3553
4764
6236
1939
2936
5149
3738
1502
5775
3797
6141
5905
3035
5576
1716
1858
8283
1894
9647
5274
2596
7625
2955
468
4176
9301
7211
7034
691
3744
3871
6665
7203
8933
7780
2035
5260
8701
396
1425
7999
4882
4592
4534
4407
8388
8072
9643
1270
5364
3749
7615
6198
6253
8796
418
9957
5124
6126
9725
9733
924
7429
5240
2532
6541
9182
6047
9335
3391
8002
9907
8798
1667
4358
7093
6485
9910
552
9376
5382
5978
9701
9165
6776
8154
400
9716
1529
6511
4157
7006
2083
7828
2214
3469
7471
7669
3158
5975
2986
4597
8364
4991
8526
9731
2392
5434
3775
8956
6316
833
8511
915
6948
2489
7282
1112
4356
5478
6723
721
3926
9088
877
6596
4300
5591
8043
8102
2109
5697
2525
9509
8077
3572
5167
6553
6643
5289
9507
2198
1002
1395
1377
6947
2231
5068
1572
8235
9348
2633
4225
9171
7302
5733
9940
9820
4966
5778
5786
3695
8510
2678
5196
854
7590
8776
6570
5144
2074
8968
5977
1263
2670
3034
6800
5088
9703
9043
240
2443
5323
204
4946
4668
3173
6473
1810
6395
1660
4403
9461
1662
2613
5473
7814
183
34
5944
1684
8816
2814
8682
1339
3850
948
2616
92
3460
8424
3669
4457
8323
8877
3509
8304
2374
235
6322
7843
6266
7428
4070
9965
3807
5416
7319
4253
9590
2026
14
842
3604
8311
4635
3455
7595
8735
7588
9481
2351
5793
8439
5219
4855
1290
771
8987
4697
642
1546
429
8443
7764
2314
6023
3168
4316
9391
90
5906
2086
6575
9091
7278
7301
8113
8476
759
2652
1010
4227
254
3208
4937
1603
8005
8354
3049
2702
9651
6358
1094
9951
683
4272
6986
8192
239
796
1937
6339
2807
2575
8918
1324
2098
249
9685
459
4626
5857
2334
1446
7531
9684
1243
8185
6471
1047
6158
4566
5341
1100
5085
5481
5933
4346
8589
8909
3064
4142
4551
7101
4997
8531
919
1452
7382
1096
6498
2598
5408
7090
2431
2675
7638
3037
8149
2646
3741
7556
7709
7997
5878
5195
6112
8148
3218
1344
6810
2862
4586
7848
5993
8858
7018
403
5740
8402
9019
1541
4500
2625
2090
6375
3053
8088
7640
3746
8494
3375
7054
8700
5982
8493
765
5902
3883
4339
1159
5645
2281
8004
3431
3261
4772
7679
4499
8380
4195
9219
2219
7198
9048
607
967
9534
6223
1601
2962
8164
1535
4517
6831
4199
2772
7892
553
8487
2745
1525
5727
9294
5089
3131
4648
4031
1806
8327
1444
3514
4112
9224
9477
4134
8577
8272
9209
9836
1405
3941
55
7265
7479
7713
9891
7532
6917
1058
5745
5832
4211
6608
4552
5490
8481
8922
1760
5205
8542
2054
3073
9877
3374
9259
7102
471
1303
1808
9189
228
6795
9395
7922
9600
4386
756
2586
2650
7761
1532
2792
6714
2276
6557
9010
389
8248
1121
1911
7683
6691
772
1009
3074
9401
4490
5571
7543
4824
8433
1620
3698
9389
5363
808
4501
6183
7394
7667
8451
2236
1181
4348
5784
4826
4918
9218
6121
1855
7184
3366
6025
1758
7606
3062
3397
9968
8315
2207
4729
4400
7739
3162
8525
6579
9331
6529
464
5082
5024
2430
8722
5392
6212
9330
1232
5742
1889
5330
6255
9786
6044
1140
2400
5657
6670
63
3427
3567
685
7677
9585
2590
3063
1194
2451
9650
4594
9435
7219
8859
6781
4360
2164
1786
2683
5051
8988
1591
768
3852
7285
8398
2496
4276
3659
5389
2417
4985
4973
922
9310
4843
7107
5
3490
3770
4804
7053
2448
2001
4247
7744
4498
7128
3251
2582
4278
5753
2712
3824
5592
8069
2578
4914
1459
6100
5957
6354
3447
9042
7383
2311
3897
1378
8524
815
9901
3975
9416
1941
9062
9506
6754
5852
1954
253
4126
9139
1702
9712
3123
5018
3920
1731
2956
5454
5767
1534
7693
349
4651
3394
7458
5194
2208
5518
4919
3161
2644
2907
6881
2127
5562
890
8478
9568
870
1886
7995
7270
4055
3642
5528
2691
5886
7106
7131
9221
3454
3918
30
8853
6377
5572
814
1862
8879
8486
8610
9955
2739
1071
481
6902
7493
7639
248
6823
8916
2338
9628
4422
2947
566
6978
3757
6199
7312
7213
142
7735
7707
7856
261
5637
6700
1519
4173
3259
9316
5398
4600
5080
8342
6958
7248
9203
2819
5963
2187
1536
5232
3348
6239
7974
8585
5736
3833
2277
5682
8523
3156
8461
5125
76
9675
7925
8384
7253
6052
1811
4299
2329
5625
5817
6773
7200
8740
6746
9144
9351
2916
9828
8536
5199
4047
7373
1022
9377
853
7327
8420
1067
3255
3555
5870
9953
2302
2129
2707
3649
2081
5663
266
1041
5074
9948
9486
2232
1135
6134
7421
9226
2539
9667
6106
8087
675
2833
8145
2278
7480
53
3210
146
3962
285
3298
8887
6801
7392
669
5701
1512
4710
5604
3505
3849
2971
7125
3047
4449
6534
1627
7512
5004
9654
7898
9054
2551
4038
7258
9819
4102
2444
1189
8893
7145
9200
3727
531
8749
2883
5285
6451
9022
8252
8000
8890
2967
6650
916
8534
5152
2898
4615
1630
6916
6699
2514
5461
8791
2177
6133
3637
4694
2989
4519
3788
1584
4451
4495
8880
730
2402
1979
2875
8106
6432
3006
6388
6393
5237
5900
5439
3885
4620
6433
841
7523
3584
7348
6593
9445
1593
9278
7885
1131
6116
5768
2935
6447
5863
9629
8902
3764
5395
7643
4004
9767
1017
8350
3898
7310
2877
4482
9258
5741
2424
4713
3594
4777
3311
9249
3573
3403
1032
4789
1057
3966
544
6466
4475
5873
1885
5259
1083
158
5383
8906
1986
5070
6098
109
3908
1317
8086
3709
7598
2888
3609
2452
2540
6508
4016
9726
4962
8619
8325
2631
7652
8761
614
4467
947
4464
4901
7114
2058
2377
9739
653
1062
1346
6378
7020
2685
5164
3776
6397
4411
440
3219
8690
4838
2363
3453
9197
9405
2253
6761
900
8771
1210
1427
5918
8864
4337
6973
351
9427
3763
7804
2658
2263
4905
5007
6957
9761
424
3613
6867
2887
7187
4169
6733
1899
3107
8081
847
1167
5855
6005
8920
5353
2513
7185
3832
5960
1828
7410
8212
2169
5679
7641
2366
9120
5588
1769
9622
225
6341
2116
5207
3313
8457
4192
4350
8739
9414
5177
6439
6063
6107
262
68
1153
5034
5550
5770
6484
2440
6067
492
5668
9431
3745
5718
7996
2580
8556
8942
5541
6694
5717
5269
1415
7564
9151
6895
8730
2
4715
8064
8696
1385
6644
4868
7751
3536
4223
2747
3858
4936
4122
9766
5968
2186
2204
8539
5930
9378
9216
3264
8940
755
8435
9609
3025
3619
6267
399
1183
7837
8387
9496
6142
3625
5564
5593
2961
8310
5078
4421
1287
6409
7941
1029
9565
8723
1863
2213
2614
3993
6807
9936
896
4622
5731
4254
557
3956
3617
8191
1779
8602
3151
5406
5433
9905
9225
2258
7168
6987
43
5529
1878
4124
6190
3740
859
8340
2201
3947
9741
5147
5476
453
9566
3618
3984
5043
9115
4221
8810
157
356
324
3316
701
4893
2784
2159
4170
1895
1816
9977
5934
3467
5530
9572
1073
1693
2949
972
8581
9136
5941
9176
6360
735
4775
8773
8898
5214
8442
131
1227
4624
7135
3980
5397
4935
2482
2221
6771
9485
4956
124
7737
4090
9001
750
9816
6184
41
2826
58
8823
3611
7339
4110
7736
4375
5730
8632
8127
1451
1500
4616
5615
9686
2912
1372
7591
6722
2299
3212
1803
7618
4896
6760
6289
8245
208
3663
1095
8638
2957
7680
901
1494
6427
8507
1768
1776
7313
3201
7881
1723
3215
9097
5254
8760
9332
4270
7755
6407
7133
4853
7812
100
4426
623
6550
9478
2794
4598
2068
5417
7473
4454
5812
1982
9341
5345
6929
1148
9526
875
6812
116
1539
7986
6145
9867
9172
9586
206
5586
1836
5012
7371
2618
8851
3179
4283
527
1736
1361
8047
9811
6282
5769
9942
2727
4237
4878
4412
5654
6387
7502
3312
7561
5107
7759
5699
8540
8
4577
9554
7354
1035
8546
1669
3829
9100
5497
8281
4202
1972
7252
7456
1381
7216
4849
509
1465
573
8847
5715
4718
6180
36
1394
6967
4525
8639
8684
4686
6454
8258
2141
3330
3569
9328
1414
9180
8412
7140
4214
8037
2025
4860
2321
397
3670
6911
9541
6921
8097
2996
9607
9256
3638
483
3622
3106
5558
5421
5771
9962
2879
5160
4394
8805
9018
1469
7459
4766
8667
3996
3410
6055
6737
6864
4941
7139
79
5352
6818
899
4349
5128
5762
8715
8985
5676
1640
8430
2952
8385
9138
9818
8472
6452
6741
5829
23
2690
1992
8392
7576
156
6632
8133
909
8508
3838
3052
6459
60
3891
5884
3631
2493
585
2969
9070
4514
4560
3226
6854
6135
9797
7628
6123
9174
5646
5734
3526
7127
6731
4920
1831
7412
9177
3732
4508
6216
1567
5662
6480
9462
7143
7249
4685
2930
8001
9973
804
9515
1360
3450
6960
7387
203
5319
7024
5028
6661
6601
9903
2114
3425
7866
8912
5011
66
3419
7343
9369
8943
9799
6231
7489
8033
690
9379
2477
873
2604
8122
5488
6814
9537
442
3938
1804
7400
1370
6618
650
6614
2055
3272
760
9926
496
9618
7718
1565
512
4744
4378
7725
5807
8466
6910
4756
5420
2032
7004
5033
6144
6777
7191
7430
8709
9399
5429
309
6457
5951
5000
6706
7982
966
4823
4748
2437
751
427
2544
1648
7408
7977
394
8117
8825
9963
5217
5540
550
413
871
562
3233
8642
8361
9899
4773
6291
3540
7565
5927
5879
635
9286
2548
5700
4699
3933
5882
5023
779
5585
457
1055
7516
3140
7791
8243
7569
3597
4130
5489
6564
2672
2092
9784
2310
8046
8434
1012
3440
5895
3364
3180
3373
1507
7835
5327
1464
1887
415
4431
9098
7637
8491
3869
4458
2409
4054
7716
5996
8363
5596
6954
2336
6093
211
1652
2868
5534
9791
4948
1654
933
6041
177
1818
8645
4125
3656
4894
2649
6127
1764
3963
1208
9789
3160
9589
2352
7948
5809
4904
1222
243
5555
4049
4634
3270
3563
9373
3794
7453
8620
6442
7014
1571
2503
503
8273
8775
9464
2353
9344
8970
1774
4399
2536
3038
1766
6125
7435
3568
3307
6385
5281
5437
3867
965
9475
8193
2465
25
1922
3674
292
9096
8025
9966
9434
6051
736
8958
3595
9884
4423
7748
5569
8733
6770
302
3529
5047
5314
495
5317
7946
5239
6487
3542
8648
4644
3121
2123
3401
8653
988
6907
9240
127
2760
5096
5949
1679
1594
494
8716
2587
8817
7600
5448
323
2193
6258
3483
7813
24
5370
2600
8681
5148
4417
2915
9081
5837
8171
8470
72
3644
385
3530
1141
4046
5061
1599
3066
3108
5097
7449
419
4845
9009
6262
9076
6469
9981
1389
9319
3565
4255
7334
8028
4493
3665
4805
7903
8780
371
577
7732
7060
2985
7575
8219
5113
8292
5379
2973
1917
8094
4
1665
6516
7092
9422
9800
4883
8857
2076
7824
4780
5925
9150
6533
6869
6306
3333
8913
4494
5181
7634
8247
839
6724
4646
4044
7949
5115
8137
2924
5435
5584
8449
6221
7888
2758
2570
9296
4714
6078
487
5512
7767
3
3834
3446
4370
5362
8052
7109
8032
3690
9873
1367
5705
5749
6209
6301
7042
8815
975
6305
9356
524
6829
8586
259
3564
5270
2381
9689
2483
5351
3205
5612
9345
2861
3241
2602
6778
6556
6968
3367
9242
3008
652
6926
1449
8924
3781
8962
2648
1312
8039
8837
3739
7
5866
4875
5186
829
3840
431
1635
5037
4488
5223
278
4733
8549
9788
130
970
4881
6640
9508
6298
3146
6219
5987
2516
2365
3901
4078
4177
1364
1718
9876
8675
5610
1435
4510
2843
2158
3280
6843
5505
1617
361
9511
1940
8390
9989
5502
7654
1376
4465
3718
7431
5966
3846
4043
9066
5964
279
9303
9587
2534
9976
9418
3839
4732
7768
3430
5871
3263
7501
8826
5183
7874
5672
3404
3872
8262
5099
5868
5553
8036
2750
6300
3459
1048
9706
3229
3977
4027
632
4755
9033
4019
7706
845
6503
5609
8697
9930
5818
173
4746
4681
1061
2028
7481
3860
6124
7647
1968
5486
6371
2042
4235
1552
5412
4163
6977
5523
5647
4925
2343
1284
1675
3128
9011
9620
3516
7150
7797
1124
2748
816
6331
2052
8203
7520
7944
989
3141
9874
618
1412
6584
6602
9350
1920
2998
8165
7585
1882
6693
1472
7712
716
1450
4489
2791
6462
8861
465
9921
5438
8202
9757
1799
2410
9631
2447
6966
6528
905
7668
4095
5536
787
2490
5271
3671
128
9644
4546
1682
1250
6155
7047
2072
1109
556
4317
2404
6952
8889
3349
3685
3117
7158
2623
1391
6996
3239
265
2039
4260
2202
8782
3932
4429
7817
4511
2280
7245
7933
3903
2168
8926
5493
5187
5565
4794
8808
2425
4539
4842
3560
5492
3315
1193
2523
5359
5980
6502
6603
9547
7174
7893
8095
5361
7378
734
6572
9971
6445
8038
2788
7309
8671
3768
6102
4462
4693
5300
6214
5371
9844
4524
5343
7240
5936
5336
4379
9064
9382
8755
7137
3227
5236
5606
1988
4696
2020
3820
3207
3426
2155
2550
719
4507
5264
2060
6045
3686
3967
6865
4611
1838
6595
4480
6525
3696
4131
9148
8573
4691
9394
7620
7914
7887
9227
2485
1714
5504
326
8162
7460
938
7871
4205
8947
4912
5405
8553
649
794
1332
7332
9429
1856
5424
5076
4521
4542
3099
5286
5631
5532
2210
8841
8312
8351
5719
1967
6285
504
6074
4921
3178
1351
4585
3235
8030
4057
6765
1708
271
1595
3494
3921
8502
276
8017
4008
6226
2774
4706
2132
954
7825
5590
1278
5774
4609
6488
2472
612
3458
8268
1300
3370
5380
3792
7340
8079
7341
8023
3387
1105
5266
38
1218
6677
5182
5463
9275
2355
1851
521
8629
4790
7805
7271
9596
6060
9223
674
855
2620
1690
5923
6695
1418
7180
4271
2779
5262
4658
9853
7224
625
798
1946
7130
5515
3468
4618
9246
6233
9619
2288
5614
9662
2797
4969
6955
5200
3705
9588
2560
8631
8694
8108
1725
4179
529
7572
1730
1605
3000
5787
6367
3096
9092
7985
8254
889
2209
9959
9184
2968
9594
3790
3805
1813
2718
5758
679
6959
4373
5299
5355
9370
7799
8557
8744
4381
3040
8119
5284
7361
9080
9542
555
7795
2094
6961
7494
7304
5533
4274
9211
4401
1999
8921
1538
4979
3142
6620
5162
6099
1891
4101
5313
9581
6819
7315
3069
6128
9652
1784
3679
2925
9103
5754
3046
707
2429
8330
3044
2505
2699
5714
4474
5190
6330
8383
1297
1751
2243
5815
3012
2048
3174
6311
7533
1747
4029
5794
4828
7041
4096
4874
8991
4558
7450
7907
6188
2466
6394
2729
2179
807
8707
6559
9372
7307
6540
8441
2937
8919
5633
8901
6712
1790
9855
4972
1146
5325
7730
3875
3520
1848
7682
9592
7380
4355
7427
290
8907
1422
3729
3475
44
6079
9710
7227
5102
9773
3075
5316
6210
1003
7504
8336
8559
5282
8886
6732
9750
192
837
9540
7317
817
443
5777
5680
2643
6554
7688
7870
8548
2246
3719
115
4516
1337
5947
4869
6280
9288
406
8189
433
5245
312
1293
6270
5708
5139
5241
1877
3994
661
5358
1907
6941
5773
2869
8618
4664
8751
4857
7444
3055
611
5038
2830
7649
1915
538
8590
3950
5766
1560
9339
1574
2327
3154
4768
1471
3100
8071
601
472
8335
5605
8680
8636
8820
6296
3525
4161
1843
1209
4232
2839
3712
599
4556
7845
3913
2767
571
5776
3811
8658
4954
952
2845
4786
6759
643
8210
8972
2976
8863
2627
4089
3612
7466
9990
8900
9635
4143
4393
1308
627
626
2562
8463
4469
3271
2810
7320
4569
4505
3725
5071
9824
8518
2635
4244
7256
188
6162
7391
455
9660
3847
3606
4867
6035
1489
7801
9349
6326
3056
7154
300
3701
5451
3198
5830
3767
6631
2577
9737
8711
5616
8944
4473
5055
2099
5387
6562
4720
846
1905
3020
7368
4377
7084
4026
9152
7729
2818
8322
5180
1304
799
5150
8976
9595
9702
7599
8222
1157
2414
5035
9777
790
4121
7788
7861
8464
4014
3438
7275
7821
2653
2731
3842
8558
4798
1038
8073
4065
641
2617
9302
2006
5390
8217
5306
1033
6866
2940
3289
1050
5707
5373
3109
8456
8444
9841
9950
8170
1294
3510
8458
4844
9682
3971
473
7214
8279
8673
8772
6949
4371
5411
3485
7662
7230
408
1949
8116
8712
2285
522
3758
7749
3004
3072
1576
6888
5735
3939
8945
3018
6408
5141
2354
8779
7636
8582
8151
9918
4391
608
9450
4548
8236
7296
2642
5303
7000
1686
7558
1707
3735
7478
1152
2215
7612
2706
416
5384
9160
7197
4364
9872
7247
2752
3968
5831
9125
8223
8777
881
7229
4151
5845
927
6200
2591
3802
6423
8914
8179
9941
1448
9735
5958
343
9975
2396
215
8352
1841
838
8221
1618
1645
8757
6841
4251
3678
7207
699
3632
1563
9352
7374
338
4850
4249
3350
8874
3408
3258
4759
5703
1966
745
7587
104
8719
5238
6901
5349
2027
5620
8318
3851
6989
5791
7483
6292
220
277
2542
3331
1170
4241
8627
3413
6669
1859
3362
1088
8173
2296
986
6225
3164
7890
8584
5419
8066
9159
3835
2999
5324
5228
8174
1960
2609
6635
852
9732
3439
5819
28
3139
8603
6363
4589
5846
134
387
2264
9387
6202
2459
2749
7044
2112
8139
230
2065
882
3032
8015
5296
8537
3222
8214
5849
8044
8382
9593
7544
6309
7416
9866
7607
2059
9003
2737
7465
9854
1597
2531
2095
4518
7165
8302
3290
2126
1556
6097
6288
2133
1537
4978
3406
6655
9181
6344
6654
7691
5428
8767
2166
7758
1176
911
2463
1890
1401
4604
5546
369
4561
7809
9255
3466
7389
4188
118
1533
4930
5280
4396
5803
2751
6889
3284
3323
2829
3748
4814
3257
4751
4236
5209
4390
6000
5788
2876
417
8050
6295
5256
9653
8469
9997
7337
5212
9474
7155
6817
7277
7123
2292
6286
673
6725
3039
4424
4656
9374
1080
5640
961
3894
770
6386
9500
8309
6875
1477
5549
5449
791
4182
3924
5785
7294
9982
6084
5579
5910
7956
6657
9050
7226
3895
6848
4797
8042
4949
5059
3868
2533
3733
8129
7409
7594
9466
7068
4076
5347
3812
3293
3865
8871
2359
9262
1948
136
3016
1721
1432
5953
6318
3021
3711
591
9927
6768
4024
3152
3471
826
6050
5470
7715
4891
4296
9084
5561
6476
3692
9553
1174
8156
1531
9407
137
8337
2724
3990
3337
5367
6073
3881
4695
3329
3496
7959
4862
8689
75
2714
2744
3120
7832
7550
1691
7331
3327
9417
1724
8954
4676
6171
1581
2515
5414
4887
2044
4900
1416
3508
5442
7170
9039
6015
4351
6600
8178
3058
9571
3713
4382
8065
8406
2040
7405
5525
3213
3203
7975
1342
4485
1173
4663
9785
4140
5979
184
945
7272
1713
4290
6663
6696
1468
4003
7505
8845
1745
1039
6692
6366
3836
5001
5046
802
3548
6972
5542
1974
9166
7663
3818
6016
325
1782
1610
8595
6804
1020
6441
9614
6374
943
8455
4318
2865
7019
2761
973
3535
7589
2373
304
1298
5687
2170
113
1484
2390
1744
4017
8835
8348
6086
3003
9851
5031
9772
2965
1306
8917
525
5799
6191
7325
3873
5743
8698
5191
8727
539
160
4012
8888
2237
6415
2361
694
6709
7049
367
1959
7390
903
9104
5065
880
8092
6676
2148
2423
29
449
9442
2926
9611
5696
2294
3057
4136
1215
2713
7233
7945
6991
9491
7178
8437
2183
6365
781
1857
3853
785
3199
7670
1759
7097
2382
4922
6194
9886
9612
9625
2254
9711
6755
3958
8677
327
4907
8347
1379
3935
1180
6192
8647
6482
1079
818
2399
4497
391
836
1847
4186
6254
1307
3506
628
3905
4999
5163
6278
8414
3717
1624
5976
4369
4213
4105
6402
3166
5539
4011
3441
7328
117
5172
404
5909
9375
8063
9124
9579
609
6213
5226
5820
1143
6945
2960
5939
6891
1064
9467
6373
4927
7172
2003
3513
7722
4091
7461
9102
5805
6974
4944
5850
212
5178
2360
2416
8809
2240
9728
9664
5965
9307
1314
3974
1510
2552
7853
1156
9337
2844
9284
1490
4486
5095
6569
5942
3379
301
7246
8533
1028
688
4455
6080
9832
7467
840
5867
6243
9266
6003
8208
2146
126
9944
2446
9499
6786
5075
2628
4568
9309
3360
4285
811
7437
9946
2012
2509
102
1554
4613
2387
132
7297
4588
3054
6405
9928
40
9860
1060
2406
659
7048
6014
9285
8126
8233
4321
161
5166
1162
3759
8570
1544
6203
9576
803
2624
6242
3085
8649
7692
8550
4520
630
1742
2778
7836
3103
6686
6880
9311
202
8517
1175
3743
9334
4502
1129
7033
3518
3610
2499
784
3533
1985
9863
6538
9538
6325
8482
8654
1522
2082
1084
5174
140
4083
7789
6119
7237
4269
7645
1460
6440
8802
546
8369
1026
3434
9217
1564
4571
3676
1043
1697
9135
8983
1249
4960
3777
8096
2674
7164
9817
4537
7699
281
3186
5146
5822
9415
9024
7724
187
920
1327
6721
4818
3412
3955
9893
3554
3575
6204
405
6877
1580
6064
4178
4614
3571
5010
5444
3433
2233
8426
831
1681
287
9655
776
5713
1034
1616
2740
7659
4329
4995
9449
3639
7728
8432
7829
1685
7463
3079
4929
4005
8213
4801
1052
4217
5559
189
9826
8895
3943
4198
8230
4575
6839
4385
4633
4669
8488
1225
9729
1781
1479
5519
6963
7602
4817
2167
9668
2584
3400
9705
1754
7076
9005
7484
9734
1780
4107
6868
8532
5838
4075
792
4352
3478
9736
1752
5990
3221
3500
6404
4048
4885
3286
5551
3988
7916
1548
3237
9213
3194
1980
2852
4071
8209
8285
1872
7411
820
49
677
9292
6710
6555
463
676
9827
8167
1921
7757
8128
8975
6622
3319
3320
4440
237
5005
6647
3220
8153
9603
995
5120
4206
7919
6872
9118
5535
7119
3149
1186
5598
3111
7711
410
6938
8473
9436
1241
5425
3359
3371
4555
1069
4427
2506
7176
9173
7609
7611
2671
1928
3110
963
73
3602
3892
7698
1849
4438
3734
5036
2143
4448
5914
1054
8123
7287
718
5062
6104
81
9671
6317
1295
7118
9924
9393
2195
4932
9605
3449
2029
5880
3462
9032
4114
5042
5678
9780
6110
2765
3756
6048
6884
1267
2450
7830
9575
744
1373
2079
9469
1123
3183
5856
9919
2325
6994
7362
4770
5170
8021
2124
5892
7496
6728
9915
8966
6238
9236
2919
8839
3762
6742
2176
937
5597
6744
3693
2673
319
8408
8161
9364
6527
9153
4193
2873
6089
1655
5060
5613
2559
8568
8936
9937
4625
1870
6178
1403
7403
2391
9433
6779
3783
5511
2376
2904
1568
2171
74
4989
7085
7810
8255
3068
1883
4584
5216
6031
4387
9432
381
957
4734
7088
7796
7346
4726
993
6993
6856
7547
7144
9529
2150
3051
6792
6467
1400
5257
4727
2700
7399
3779
2091
3245
7029
7329
1743
3538
2408
1458
2689
6478
2142
4052
8240
7073
478
542
6587
8929
7969
336
4509
2863
5984
1436
3027
6523
9956
4654
7551
897
5087
5255
7426
6465
7601
8781
6626
1997
4549
2840
1485
2385
6390
2172
4015
7777
9693
2557
3093
8471
4583
567
3119
3782
7529
3294
910
2200
4730
172
1792
5666
7624
3396
1205
9528
4606
6043
8328
3335
6464
624
2512
348
935
8428
3409
4564
9205
2181
7937
6174
4526
6426
5997
386
6822
2948
4333
9231
6422
2217
1486
9468
6612
9220
9698
9638
5737
1728
3882
8721
2782
9765
4892
2022
269
9053
4779
1978
7902
1439
7397
3283
4259
1943
6132
5121
407
1592
6679
821
4631
6122
6020
7658
4492
1634
1456
7990
1558
3661
273
5333
7121
8604
6750
8381
7534
9633
3390
7194
549
3848
460
5635
7603
4535
6567
1741
9419
4567
6684
7664
9580
4984
1614
5781
9023
4222
5538
3045
9840
9752
8157
2320
514
6720
7196
2165
1658
9406
6981
4899
7929
8732
8499
9006
554
7356
8535
1411
2554
1807
2893
8691
107
862
2464
9188
94
7448
2007
9740
3001
9864
8566
5861
8396
7970
7500
6716
347
357
3244
8341
1014
5112
6515
8320
3358
8702
6811
7177
9371
5919
1301
9094
129
7098
3683
8111
5222
7689
1550
4968
7769
2206
3532
8790
7635
7338
7442
6586
3498
8200
3318
1596
3267
4722
5251
6606
3077
9282
7973
9616
7470
2841
4443
6931
7418
2899
6668
270
9880
5935
7398
4483
9279
6624
5288
9727
3306
5599
7244
3550
4162
6235
3742
8714
666
9885
8674
2592
7895
8181
9814
2347
6323
6577
7393
6444
3673
306
3694
5453
3172
9822
6946
7803
2738
3301
7175
8446
4354
1234
6470
7700
1767
3383
1256
1182
5915
6383
6545
8957
7571
9912
0
8762
6057
644
9900
3822
6870
8617
936
1466
9179
9639
6969
7379
6791
8204
7582
8495
9446
9143
6154
7592
5159
1136
9583
7621
4961
4471
9361
8597
430
620
2847
651
9834
9456
186
8867
5374
4094
2781
6038
272
3216
370
2990
8574
476
4836
8591
2720
6249
5632
2144
5208
6081
8343
742
3445
3543
8306
9254
7289
5709
5897
3435
3451
6218
167
4410
5724
1880
5756
9768
5568
1918
7111
8014
739
5623
8873
769
6988
7136
7359
9742
1770
1545
6923
9146
9187
4865
7555
7497
4210
6820
4758
2108
9276
4771
9574
1037
5924
6338
9304
6004
9958
182
5460
7726
1884
3952
5722
222
4021
621
1683
1274
6096
8756
7108
4533
2977
1463
5114
1765
2488
264
7266
9078
2097
5524
586
2820
9015
6173
9524
3771
6009
1964
8011
3081
7349
2630
8500
9869
2078
2313
3407
5053
7952
3265
7507
950
4268
3176
7023
1735
788
2816
8613
5381
7013
7765
6193
9202
1923
9677
9949
6349
6460
4228
3766
8135
9250
8614
4289
6871
6749
8856
3989
9131
3429
4665
7627
4181
6892
9771
1796
98
6252
3291
4297
8554
9353
7746
1179
3599
2970
1762
2462
3238
7259
6430
2942
1273
9601
7622
516
5595
2913
4365
6853
2520
5796
4061
6364
4763
9049
9163
2927
9669
9577
1085
6504
8259
18
6708
1470
1973
5991
9544
6449
7363
949
8172
8246
6265
8029
1019
6982
7370
8668
9480
9229
6012
3134
9047
2656
377
482
9781
2908
1656
4115
3893
9545
5083
4933
6177
4433
9384
2703
3645
2946
2269
1677
4036
19
3737
9970
5475
4322
1178
1480
3277
3700
2063
5015
860
4898
5354
5500
5509
858
1025
1421
9093
9782
1504
6633
3689
8829
5464
5839
6531
9695
8326
5332
5801
6581
4702
9798
384
615
4000
6646
91
89
3278
5427
8950
1113
8475
8244
4073
4792
4374
4463
1623
9232
2549
5752
1733
5537
5581
5143
8177
1845
3246
8999
7878
1253
5823
5826
885
5816
8725
7202
7721
8742
7839
1487
2357
1674
1280
7091
7220
1428
1547
6701
2722
767
5974
1775
6803
9709
1242
3002
1912
6361
8894
3948
8836
3495
4605
733
6659
2344
2768
662
7436
9560
9992
5992
7299
2128
8594
1825
8505
3225
3234
1879
5057
9354
2380
9390
8220
8423
246
604
8628
9164
8881
9911
6826
764
1119
2568
7232
3342
4437
3539
9031
5642
8797
8249
8403
372
9495
314
3856
1989
3247
3760
6147
8563
7074
2386
8795
4185
2963
6479
8934
6297
6876
1368
1861
4397
3223
2934
2593
3583
3721
2933
534
4041
6416
2474
345
2588
2564
9699
4965
7280
6651
8496
2120
2736
7095
5865
322
3477
6337
9938
8138
8812
8769
444
7745
9774
2715
5386
7070
9945
251
985
4757
4341
6085
2849
6472
1350
5747
4441
7540
3887
5334
5157
8391
8276
1613
6400
6335
518
2102
3934
8027
9178
7741
2145
5811
7284
4184
8357
2693
6857
3969
1155
7094
6431
3997
8366
6075
1998
1445
3206
2701
722
2161
4550
9843
6537
8911
1413
7260
7513
3269
9646
1114
1158
5111
9342
507
7432
4587
9857
6437
8750
6230
3878
4851
8811
5738
9190
3785
4636
2319
3992
7157
8848
7406
1248
4194
7644
5840
5211
7372
5101
6136
2629
9762
4769
9170
7657
3684
4536
6058
5443
6425
402
3942
9168
2680
6042
6790
3296
5040
6027
8866
8814
9238
8963
1382
7593
4967
6506
148
1380
5814
438
1440
9326
4934
3091
5184
8152
8360
9110
2938
3863
8058
2607
27
9512
5869
2441
5153
330
6794
6851
7943
4415
247
2880
6844
3773
7951
4452
987
1187
1204
5340
2769
2157
7613
2799
4323
4103
5377
6548
5594
5118
2089
7554
9852
944
9519
5582
168
6237
8996
1027
2780
3697
4025
6483
5810
1794
3428
2036
1604
4993
1514
9570
1309
8395
8168
3946
7491
977
2047
2136
9099
9931
311
1031
7702
15
528
3825
7007
3385
5943
3486
1276
9552
1650
8840
3877
3285
9029
3193
4261
5946
2093
5928
4655
4928
5517
851
9366
3014
7251
9072
3976
9636
1873
4632
8125
8003
9916
7323
3253
5058
4338
7519
2993
8429
5426
3562
7800
6634
9013
8607
8131
39
4708
5644
8506
1275
8738
1587
9567
4155
7766
1103
5755
2611
8163
7583
9988
2728
5950
6796
4990
6143
380
4563
1133
5339
3187
5388
9321
5834
6674
2471
1709
2433
1551
7487
6264
2121
541
7901
1195
6519
7899
4553
7082
4582
5994
7557
2757
7149
8930
1951
7110
7963
9779
8946
4610
2619
6279
2383
526
578
4148
9673
7288
2244
9257
4711
8793
2890
5192
1892
2746
432
3880
1673
2016
4619
2730
5298
6840
7650
1265
5890
9501
5757
6076
9451
5307
6294
7850
4971
9776
5547
2346
5197
8269
8261
3266
9128
6036
6307
2834
1410
7577
3501
8492
2657
4303
9642
3019
45
1102
7738
2964
1540
3736
761
3830
1513
114
6461
2019
8527
3650
8226
8567
3957
6376
1429
2211
2218
6623
6599
1359
3231
2306
9430
227
9748
1586
9787
7506
5570
6509
32
7927
2056
365
4679
2859
3636
1323
4821
4760
8216
9986
5169
2017
3392
2612
3667
7816
8308
2529
5684
6787
2375
3116
9318
3519
5258
5456
6215
9087
4384
1154
4576
1132
1935
1588
1271
4204
2822
3810
4201
4742
502
925
7838
9935
1637
540
4252
629
3870
8982
8477
9718
2196
7173
7169
2885
5858
3608
7056
6919
3931
4128
3987
6082
395
5039
362
6196
9191
2010
6772
6673
8158
1431
3150
3479
8256
4308
5881
9954
6486
9920
3417
1015
6411
3211
7936
6353
8290
5292
8659
6166
6313
221
3376
5048
6263
6984
1797
4395
1927
4347
3188
9004
299
4955
6087
572
2080
6146
4866
576
3080
6030
1454
7162
2527
2610
7366
7923
7863
2279
313
9582
4541
720
4053
4807
4344
1952
9708
7105
8115
711
6573
2422
2800
7254
4852
9658
2743
5369
4216
9719
1783
5560
6006
8885
2175
5471
436
2245
3474
1239
9386
4404
8528
8651
1852
2283
1375
3389
8418
762
6351
9691
9837
1860
8136
4160
6327
3917
6517
4530
4938
6438
2369
7676
8561
7264
5227
7981
7306
5522
8753
3071
9714
328
7918
782
4037
6688
5795
9743
7438
3326
3886
3675
6530
9809
2104
6830
8875
485
8870
2110
9663
1191
1609
8183
5021
7147
447
8905
7846
654
7452
9448
6783
2458
5889
934
4372
9704
1508
3909
1865
2667
7525
2067
108
3282
6549
6638
8070
3787
7057
921
8218
8120
6040
8821
1283
1087
3302
3566
6261
2510
250
757
5126
7719
2050
4158
2922
6186
3105
783
1995
5321
8227
6049
8169
8109
8332
4069
9640
7063
8048
9597
5133
9154
6852
6598
7560
3503
6046
2894
8822
2951
5628
1213
6524
7402
5926
3135
4639
170
5821
8855
2732
4336
5552
3827
8938
7443
3102
7321
9979
3919
6627
6065
9680
8706
8234
1561
1864
1365
2118
4023
2066
6181
6806
1289
9268
8997
7517
9113
7236
3916
7515
2583
8263
1511
5797
4304
6220
7492
9830
1434
4712
3473
8150
7904
8076
2265
5445
5357
1321
8663
2708
8411
2508
1527
1629
4522
1358
2073
9034
6314
3778
2621
198
9055
3534
8394
2428
297
4581
9657
6054
4460
5391
8830
317
5027
1462
181
4705
8419
1867
5193
4171
8872
3816
7623
5648
4565
8838
3353
364
5432
5175
5020
5836
7778
4405
6443
4529
8372
8978
4684
9428
3384
84
4445
6232
8501
7365
9396
8717
1072
1710
7166
2558
4909
9017
2828
7040
9117
1292
1868
670
2599
3512
3347
2180
2682
5601
4212
8860
3189
4022
4430
7081
592
7578
2856
4916
1384
9961
4602
3090
3115
1056
1139
2295
470
2793
1914
7971
7983
1185
3262
9730
1101
7549
2226
8303
4240
4060
448
2421
9077
3945
682
3724
4459
561
9222
1406
1559
7255
2328
984
3629
6736
8197
2045
5611
789
4366
3588
7384
4650
4266
6535
7295
7865
8018
7570
3855
1621
9887
844
1171
9251
714
6170
8520
122
7358
6138
1172
1078
8529
1104
5495
8093
4939
6287
477
4138
3268
7152
6863
2954
6179
7274
9751
8075
2259
3395
1789
574
671
4311
6591
1387
3399
8074
2316
7012
3217
6743
1388
9861
83
5972
4284
9320
1583
8734
9488
1773
4667
5712
8130
6229
7610
3672
2212
3798
5677
6998
5938
8298
5688
8509
7401
1238
4739
6499
9183
9505
7535
3914
378
2786
1443
2247
5548
8752
3558
3078
4877
5123
1235
906
1237
7701
9823
3593
8407
8745
5792
3028
3843
1125
1739
3137
1098
9061
201
57
6105
6738
8828
450
9440
9517
3029
1734
9359
1689
9533
1233
9107
1461
1516
4515
2567
3484
7906
5019
1142
6090
7953
7316
5491
3097
5578
280
1000
8314
3087
6418
3874
2651
4165
7872
740
8287
9760
1549
5661
843
1698
7509
8989
4830
2473
2988
9037
4890
1228
4503
2528
5201
7422
582
7096
8897
2770
2255
8313
5171
7303
4871
4084
7017
1340
1800
2522
9754
2140
4108
3579
8231
9455
7367
411
6450
5329
5496
6228
2119
2980
805
8571
2905
9260
914
5248
728
6359
7163
2305
5275
976
2764
1316
1653
4709
5484
9790
603
1042
7445
5138
9756
6660
5848
8731
5365
2071
2603
548
1063
1356
5527
1763
5798
1528
3402
435
8144
8266
7581
2115
786
4035
4476
8012
2679
9206
7495
7069
8530
3985
8599
4795
9270
8736
4141
7626
4219
7195
2317
6448
822
4595
7209
8062
1910
121
4816
9987
569
4380
6532
9889
4092
5969
7189
8522
3170
998
8112
4119
3998
8267
930
3336
955
8417
8764
5064
8656
9974
7794
7852
141
893
3325
8356
37
4279
9769
6453
693
8378
1688
4859
9902
824
5683
3341
1236
4666
6764
4087
9085
725
2519
595
7976
2664
6398
3888
6886
1134
151
6380
9770
1844
6745
3900
4752
4835
6152
5452
8961
4908
7750
2601
5154
7678
9101
8175
7186
8800
6845
6859
4637
6878
3531
9602
6675
1749
8483
4943
8971
6268
4154
3398
4066
3214
698
1343
2339
5394
1720
6234
1569
3504
6428
6328
1355
8807
2084
2486
4402
9813
6727
4118
2766
4137
7167
8994
8365
3634
7926
3624
7324
2038
2456
5016
2156
2135
7648
2304
2491
4915
3322
5116
7651
2785
9169
96
3837
21
6168
8543
6953
1842
86
7451
3754
175
4660
6148
1258
4258
6382
2297
1169
2033
6413
2064
2267
3415
9608
3687
6034
7807
152
2853
56
4191
9546
1419
634
9041
6463
7723
5862
8953
7935
8416
3912
1240
5638
1600
9747
1336
2340
6625
8792
3275
69
7376
2438
8026
5356
9082
9522
6446
1666
9806
5396
9420
3523
6259
1607
3954
1313
4242
5263
5293
4959
6610
6274
7142
9523
1793
6039
692
4700
8747
2151
6434
6520
2725
8452
1408
2248
7281
2507
7080
4367
451
5235
959
5670
7138
4643
7932
2478
4761
4376
6740
4056
8927
9707
2435
6920
7066
4765
974
3463
5896
5887
5108
6492
6247
9340
9700
245
4728
1562
2851
2002
7950
6846
8265
4812
7039
3731
6671
9381
7833
6544
1345
4291
5401
8400
4042
252
294
2252
5650
4187
2318
3043
5575
5084
3923
3925
2576
3240
3167
4840
2470
3127
6302
8110
5653
7511
8166
1277
9969
7994
5229
1732
6275
3089
3147
5054
9287
4363
942
6943
1430
2393
6182
6455
505
9119
2427
50
4196
9129
6118
8271
6753
2626
7353
1474
5104
9300
8404
8759
9454
778
1518
3652
2790
3826
6370
1521
1983
9859
4064
5483
9281
9634
2789
2696
9679
1993
6308
8289
2153
4002
593
6842
7350
4013
7989
4133
7052
1126
3978
1285
8513
3133
9068
8560
3377
8085
4590
6652
95
4884
1075
7404
5477
8333
7345
7897
4388
7681
4361
6799
8766
5110
6908
1874
4093
1700
4998
7567
9649
5751
9850
2348
7617
120
8652
9838
4277
8640
4910
1051
9312
7425
6718
7753
1006
8865
388
1302
7182
9363
6156
6747
2566
9026
1566
3145
3470
1040
3424
6150
4617
5305
3831
3457
1231
9192
70
4767
501
7991
9723
991
6580
7441
3654
4028
9298
5912
268
6980
8353
3821
238
639
8699
3065
257
3487
5311
1824
4506
7122
9425
6120
6766
3443
6207
874
7083
1363
7045
1971
6167
7464
4724
1190
1330
709
2262
8923
737
8080
194
5945
4139
4528
6578
5278
7934
4562
7782
8728
2855
5213
185
4481
4627
4149
5440
864
4040
5025
7696
4856
9000
8980
638
9913
3351
8459
2860
1220
3814
712
4827
1727
1206
1805
7912
1497
2798
3287
2467
8288
2432
1262
9095
6304
1074
2005
9438
6547
5673
5466
3420
8552
7027
9775
8578
4018
8564
2806
2719
8007
8201
9437
6368
6251
964
2041
825
6735
9112
4007
1991
5302
657
7190
1833
8105
8490
497
5698
2569
7781
6384
5833
1110
6114
1299
5748
3628
6630
9516
1059
1687
6246
282
234
8692
5052
6026
3688
3806
6664
9573
939
8743
4800
7503
9241
5907
6283
52
2418
990
5720
2783
1577
8319
3488
4264
7775
1827
5961
4716
1829
2284
2287
4051
3030
6345
6332
2563
6077
2249
6927
5233
6935
232
9157
1016
4671
7734
7490
5903
931
166
6861
3951
8514
3605
9383
6333
6489
6763
7228
1453
867
6645
2191
1963
1777
2959
6816
4628
8196
2291
7960
8359
4987
2846
4527
8949
7855
7032
1117
1953
2710
6224
9305
4275
4398
6985
876
3844
4168
8683
1244
4197
8676
5117
2571
2300
4039
2663
6970
8758
9557
2858
587
6245
7740
2832
446
5674
3493
7704
5624
8344
7482
4690
7474
1520
3546
4593
9870
5318
8515
8489
8634
9293
801
2160
9244
295
2085
2184
9513
4574
6117
7300
616
2726
6113
5641
6185
1647
8967
3300
1659
6734
8334
655
2589
9929
7113
5465
1930
2362
5744
4343
8925
1286
8626
1269
3910
9815
8737
7171
331
8605
2537
7318
164
809
9264
5618
7656
7455
9551
3545
5250
3184
9494
5242
3175
6420
2413
640
1322
9460
1628
9086
2053
1801
4924
3421
6590
4544
5056
6785
7439
9198
9056
1201
207
1947
5185
8657
99
423
110
4080
6024
7584
9122
3515
9145
4414
8695
9358
8089
1753
8229
5651
422
2075
3710
1481
6187
8034
5995
4704
8593
3706
2403
5158
8662
8551
6719
6563
5761
7808
3728
5619
3772
6072
1729
9674
398
3249
3623
2057
2637
3357
5244
2755
4239
5835
823
7908
4166
9661
2753
9947
6092
4917
3083
2974
3416
8844
5403
7205
7910
7037
9681
883
7710
7351
1950
4872
598
3815
1876
3716
1311
6705
9208
3381
3480
1164
9388
3050
3590
4879
7243
1638
85
4819
2669
8051
6546
3060
8973
9484
5521
1926
1318
4864
4250
581
3143
9621
1676
4152
7697
3647
7132
6828
7917
749
3808
138
5092
9204
1200
9978
5198
4106
7086
7199
4547
7891
3544
9002
8453
9008
2332
9983
1788
1424
8224
9404
1639
6495
9473
2837
8969
1738
4784
6518
1111
8939
1177
8355
8833
9357
8986
4976
6893
3192
9252
7631
1438
1626
6108
9360
6334
1329
2995
6412
4453
5675
6356
4086
1245
797
5297
2008
5272
1478
6648
7596
3999
3587
7980
5134
1224
6702
8878
6011
1896
1755
2518
3864
7115
4335
962
7762
486
6493
3309
863
6589
2274
2808
5543
3803
7743
1578
6942
241
8664
4447
5304
8621
7508
1996
9297
6571
6512
7059
8951
9060
6346
8480
7763
9267
1582
1390
2711
8019
1090
59
1473
8132
77
3423
5589
6494
4233
7930
200
9763
3386
4623
7998
9398
8984
5090
7046
3981
6855
1555
4906
154
6071
3299
6436
8367
4156
2734
2356
9025
2662
2337
4781
8375
3163
5765
1612
2147
6205
7043